4
16
0.336980 0.177566 0.475453 0.000000 
0.340384 0.179360 0.480256 0.000000 
0.306416 0.208666 0.336478 0.138439 
0.309512 0.210774 0.339877 0.139838 
0.421728 0.186067 0.392205 0.000000 
0.337318 0.206870 0.341487 0.114324 
0.417511 0.184206 0.388283 -0.000000 
0.333945 0.204802 0.338072 0.113181 
0.434710 0.254382 0.310909 0.000000 
0.427640 0.255111 0.307922 0.009326 
0.246363 0.356101 0.397536 0.000000 
0.262573 0.296264 0.286911 0.154251 
0.430363 0.251838 0.307800 0.000000 
0.423363 0.252560 0.304843 0.009233 
0.243899 0.352540 0.393561 0.000000 
0.259948 0.293302 0.284042 0.152708 
8
1
2
3
4
5
6
15
16
