4
1
0.339114 0.186625 0.464261 0.005000 
5
17
-1.000000 0.000000 0.000000 0.000000 0.000000
0.000000 0.000000 0.000000 -1.000000 0.000000
0.061577 0.617865 -0.591626 -0.191090 0.000000
0.307280 -0.103918 -0.350607 0.328664 0.000000
0.324689 -0.304989 -0.204439 0.204533 0.000000
-0.534256 -0.091068 0.412668 0.316773 0.000000
0.169091 -0.613950 0.109446 0.285121 0.000000
0.438349 0.081559 -0.325877 -0.281148 -3.663562
-0.537542 -0.147533 0.423135 0.346138 -3.663562
0.580937 -0.578720 -0.195771 0.063630 -3.663562
0.526197 -0.579113 -0.082030 0.007438 -3.663562
0.065394 0.414053 -0.431665 0.203195 -3.663562
0.014623 0.359732 -0.356053 0.164385 -3.663562
-0.026155 -0.237979 0.240380 -0.108055 -3.663562
-0.097350 -0.362013 0.422133 -0.115002 -3.663562
1.000000 1.000000 1.000000 1.000000 -1.000000
-1.000000 -1.000000 -1.000000 -1.000000 0.990000
